0a - Project Glacy.webp renamed to 0a---Project-Glacy.webp
0b - Glace.webp renamed to 0b---Glace.webp
2021 - 227 - Glaceon 01.webp renamed to 2021---227---Glaceon-01.webp
2021 - 229 - Glaceon 02.webp renamed to 2021---229---Glaceon-02.webp
2021 - 230 - Glaceon 03.webp renamed to 2021---230---Glaceon-03.webp
2021 - 232 - Glaceon 04.webp renamed to 2021---232---Glaceon-04.webp
2021 - 233 - Glaceon 05.webp renamed to 2021---233---Glaceon-05.webp
2021 - 234 - Glaceon 06.webp renamed to 2021---234---Glaceon-06.webp
2021 - 235 - Glaceon 07.webp renamed to 2021---235---Glaceon-07.webp
2021 - 236 - Glaceon 08.webp renamed to 2021---236---Glaceon-08.webp
2021 - 237 - Glaceon 09.webp renamed to 2021---237---Glaceon-09.webp
2021 - 238 - Glaceon 10.webp renamed to 2021---238---Glaceon-10.webp
2021 - 239 - Glaceon 11.webp renamed to 2021---239---Glaceon-11.webp
2021 - 240 - Glaceon 12.webp renamed to 2021---240---Glaceon-12.webp
2021 - 241 - Glaceon 13.webp renamed to 2021---241---Glaceon-13.webp
2021 - 242 - Glaceon 14.webp renamed to 2021---242---Glaceon-14.webp
2021 - 243 - Glaceon 15.webp renamed to 2021---243---Glaceon-15.webp
2021 - 244 - Glaceon Day.webp renamed to 2021---244---Glaceon-Day.webp
2021 - 245 - Glaceon 17.webp renamed to 2021---245---Glaceon-17.webp
2021 - 247 - Glaceon 18.webp renamed to 2021---247---Glaceon-18.webp
2021 - 248 - LeafyGlace.webp renamed to 2021---248---LeafyGlace.webp
2021 - 252 - Glaceon 20.webp renamed to 2021---252---Glaceon-20.webp
2021 - 253 - Glaceon 21.webp renamed to 2021---253---Glaceon-21.webp
2021 - 254 - Glaceon 22.webp renamed to 2021---254---Glaceon-22.webp
2021 - 255 - Glaceon 23.webp renamed to 2021---255---Glaceon-23.webp
2021 - 256 - Glaceon 24.webp renamed to 2021---256---Glaceon-24.webp
2021 - 257 - Glaceon 25.webp renamed to 2021---257---Glaceon-25.webp
2021 - 258 - Glaceon 26.webp renamed to 2021---258---Glaceon-26.webp
2021 - 259 - Glaceon 27.webp renamed to 2021---259---Glaceon-27.webp
2021 - 260 - Glaceon 28.webp renamed to 2021---260---Glaceon-28.webp
2021 - 261 - Glaceon 29.webp renamed to 2021---261---Glaceon-29.webp
2021 - 262 - Glaceon 30.webp renamed to 2021---262---Glaceon-30.webp
2021 - 263 - Glaceon 31.webp renamed to 2021---263---Glaceon-31.webp
2021 - 264 - Glaceon 32.webp renamed to 2021---264---Glaceon-32.webp
2021 - 265 - Glaceon 33.webp renamed to 2021---265---Glaceon-33.webp
2021 - 266 - Glaceon 34.webp renamed to 2021---266---Glaceon-34.webp
2021 - 267 - Glaceon 35.webp renamed to 2021---267---Glaceon-35.webp
2021 - 268 - Glaceon 36.webp renamed to 2021---268---Glaceon-36.webp
2021 - 269 - Glaceon 37.webp renamed to 2021---269---Glaceon-37.webp
2021 - 270 - Glaceon 38.webp renamed to 2021---270---Glaceon-38.webp
2021 - 271 - Glaceon 39_crop.webp renamed to 2021---271---Glaceon-39_crop.webp
2021 - 272 - Glaceon 40 Light.webp renamed to 2021---272---Glaceon-40-Light.webp
2021 - 273 - Glaceon 41.webp renamed to 2021---273---Glaceon-41.webp
2021 - 278 - Glaceon 42.webp renamed to 2021---278---Glaceon-42.webp
2021 - 279 - Glaceon 43.webp renamed to 2021---279---Glaceon-43.webp
2021 - 280 - Glaceon 44.webp renamed to 2021---280---Glaceon-44.webp
2021 - 282 - Glaceon 45.webp renamed to 2021---282---Glaceon-45.webp
2021 - 283 - Glaceon 46.webp renamed to 2021---283---Glaceon-46.webp
2021 - 284 - Glaceon 47.webp renamed to 2021---284---Glaceon-47.webp
2021 - 286 - Glaceon 48.webp renamed to 2021---286---Glaceon-48.webp
0a---Project-Glacy.webp renamed to 0a-Project-Glacy.webp
0b---Glace.webp renamed to 0b-Glace.webp
2021---227---Glaceon-01.webp renamed to 2021-227-Glaceon-01.webp
2021---229---Glaceon-02.webp renamed to 2021-229-Glaceon-02.webp
2021---230---Glaceon-03.webp renamed to 2021-230-Glaceon-03.webp
2021---232---Glaceon-04.webp renamed to 2021-232-Glaceon-04.webp
2021---233---Glaceon-05.webp renamed to 2021-233-Glaceon-05.webp
2021---234---Glaceon-06.webp renamed to 2021-234-Glaceon-06.webp
2021---235---Glaceon-07.webp renamed to 2021-235-Glaceon-07.webp
2021---236---Glaceon-08.webp renamed to 2021-236-Glaceon-08.webp
2021---237---Glaceon-09.webp renamed to 2021-237-Glaceon-09.webp
2021---238---Glaceon-10.webp renamed to 2021-238-Glaceon-10.webp
2021---239---Glaceon-11.webp renamed to 2021-239-Glaceon-11.webp
2021---240---Glaceon-12.webp renamed to 2021-240-Glaceon-12.webp
2021---241---Glaceon-13.webp renamed to 2021-241-Glaceon-13.webp
2021---242---Glaceon-14.webp renamed to 2021-242-Glaceon-14.webp
2021---243---Glaceon-15.webp renamed to 2021-243-Glaceon-15.webp
2021---244---Glaceon-Day.webp renamed to 2021-244-Glaceon-Day.webp
2021---245---Glaceon-17.webp renamed to 2021-245-Glaceon-17.webp
2021---247---Glaceon-18.webp renamed to 2021-247-Glaceon-18.webp
2021---248---LeafyGlace.webp renamed to 2021-248-LeafyGlace.webp
2021---252---Glaceon-20.webp renamed to 2021-252-Glaceon-20.webp
2021---253---Glaceon-21.webp renamed to 2021-253-Glaceon-21.webp
2021---254---Glaceon-22.webp renamed to 2021-254-Glaceon-22.webp
2021---255---Glaceon-23.webp renamed to 2021-255-Glaceon-23.webp
2021---256---Glaceon-24.webp renamed to 2021-256-Glaceon-24.webp
2021---257---Glaceon-25.webp renamed to 2021-257-Glaceon-25.webp
2021---258---Glaceon-26.webp renamed to 2021-258-Glaceon-26.webp
2021---259---Glaceon-27.webp renamed to 2021-259-Glaceon-27.webp
2021---260---Glaceon-28.webp renamed to 2021-260-Glaceon-28.webp
2021---261---Glaceon-29.webp renamed to 2021-261-Glaceon-29.webp
2021---262---Glaceon-30.webp renamed to 2021-262-Glaceon-30.webp
2021---263---Glaceon-31.webp renamed to 2021-263-Glaceon-31.webp
2021---264---Glaceon-32.webp renamed to 2021-264-Glaceon-32.webp
2021---265---Glaceon-33.webp renamed to 2021-265-Glaceon-33.webp
2021---266---Glaceon-34.webp renamed to 2021-266-Glaceon-34.webp
2021---267---Glaceon-35.webp renamed to 2021-267-Glaceon-35.webp
2021---268---Glaceon-36.webp renamed to 2021-268-Glaceon-36.webp
2021---269---Glaceon-37.webp renamed to 2021-269-Glaceon-37.webp
2021---270---Glaceon-38.webp renamed to 2021-270-Glaceon-38.webp
2021---271---Glaceon-39_crop.webp renamed to 2021-271-Glaceon-39_crop.webp
2021---272---Glaceon-40-Light.webp renamed to 2021-272-Glaceon-40-Light.webp
2021---273---Glaceon-41.webp renamed to 2021-273-Glaceon-41.webp
2021---278---Glaceon-42.webp renamed to 2021-278-Glaceon-42.webp
2021---279---Glaceon-43.webp renamed to 2021-279-Glaceon-43.webp
2021---280---Glaceon-44.webp renamed to 2021-280-Glaceon-44.webp
2021---282---Glaceon-45.webp renamed to 2021-282-Glaceon-45.webp
2021---283---Glaceon-46.webp renamed to 2021-283-Glaceon-46.webp
2021---284---Glaceon-47.webp renamed to 2021-284-Glaceon-47.webp
2021---286---Glaceon-48.webp renamed to 2021-286-Glaceon-48.webp
0a-Project-Glacy.webp renamed to 0a-project-glacy.webp
0b-Glace.webp renamed to 0b-glace.webp
2021-227-Glaceon-01.webp renamed to 2021-227-glaceon-01.webp
2021-229-Glaceon-02.webp renamed to 2021-229-glaceon-02.webp
2021-230-Glaceon-03.webp renamed to 2021-230-glaceon-03.webp
2021-232-Glaceon-04.webp renamed to 2021-232-glaceon-04.webp
2021-233-Glaceon-05.webp renamed to 2021-233-glaceon-05.webp
2021-234-Glaceon-06.webp renamed to 2021-234-glaceon-06.webp
2021-235-Glaceon-07.webp renamed to 2021-235-glaceon-07.webp
2021-236-Glaceon-08.webp renamed to 2021-236-glaceon-08.webp
2021-237-Glaceon-09.webp renamed to 2021-237-glaceon-09.webp
2021-238-Glaceon-10.webp renamed to 2021-238-glaceon-10.webp
2021-239-Glaceon-11.webp renamed to 2021-239-glaceon-11.webp
2021-240-Glaceon-12.webp renamed to 2021-240-glaceon-12.webp
2021-241-Glaceon-13.webp renamed to 2021-241-glaceon-13.webp
2021-242-Glaceon-14.webp renamed to 2021-242-glaceon-14.webp
2021-243-Glaceon-15.webp renamed to 2021-243-glaceon-15.webp
2021-244-Glaceon-Day.webp renamed to 2021-244-glaceon-day.webp
2021-245-Glaceon-17.webp renamed to 2021-245-glaceon-17.webp
2021-247-Glaceon-18.webp renamed to 2021-247-glaceon-18.webp
2021-248-LeafyGlace.webp renamed to 2021-248-leafyglace.webp
2021-252-Glaceon-20.webp renamed to 2021-252-glaceon-20.webp
2021-253-Glaceon-21.webp renamed to 2021-253-glaceon-21.webp
2021-254-Glaceon-22.webp renamed to 2021-254-glaceon-22.webp
2021-255-Glaceon-23.webp renamed to 2021-255-glaceon-23.webp
2021-256-Glaceon-24.webp renamed to 2021-256-glaceon-24.webp
2021-257-Glaceon-25.webp renamed to 2021-257-glaceon-25.webp
2021-258-Glaceon-26.webp renamed to 2021-258-glaceon-26.webp
2021-259-Glaceon-27.webp renamed to 2021-259-glaceon-27.webp
2021-260-Glaceon-28.webp renamed to 2021-260-glaceon-28.webp
2021-261-Glaceon-29.webp renamed to 2021-261-glaceon-29.webp
2021-262-Glaceon-30.webp renamed to 2021-262-glaceon-30.webp
2021-263-Glaceon-31.webp renamed to 2021-263-glaceon-31.webp
2021-264-Glaceon-32.webp renamed to 2021-264-glaceon-32.webp
2021-265-Glaceon-33.webp renamed to 2021-265-glaceon-33.webp
2021-266-Glaceon-34.webp renamed to 2021-266-glaceon-34.webp
2021-267-Glaceon-35.webp renamed to 2021-267-glaceon-35.webp
2021-268-Glaceon-36.webp renamed to 2021-268-glaceon-36.webp
2021-269-Glaceon-37.webp renamed to 2021-269-glaceon-37.webp
2021-270-Glaceon-38.webp renamed to 2021-270-glaceon-38.webp
2021-271-Glaceon-39_crop.webp renamed to 2021-271-glaceon-39_crop.webp
2021-272-Glaceon-40-Light.webp renamed to 2021-272-glaceon-40-light.webp
2021-273-Glaceon-41.webp renamed to 2021-273-glaceon-41.webp
2021-278-Glaceon-42.webp renamed to 2021-278-glaceon-42.webp
2021-279-Glaceon-43.webp renamed to 2021-279-glaceon-43.webp
2021-280-Glaceon-44.webp renamed to 2021-280-glaceon-44.webp
2021-282-Glaceon-45.webp renamed to 2021-282-glaceon-45.webp
2021-283-Glaceon-46.webp renamed to 2021-283-glaceon-46.webp
2021-284-Glaceon-47.webp renamed to 2021-284-glaceon-47.webp
2021-286-Glaceon-48.webp renamed to 2021-286-glaceon-48.webp